4.514285714285714
0,82,109,70,138,136,196,10,158,79
0,99,98,147,41,152,169,137,192
0,143,173,148,200,191,32,112,194,27
0,25,182,165,95,23,179,123,65
0,37,14,64,21,189,33,87,184
0,18,45,96,97,122,42,54,102
0,108,61,128,121,89,11,13
0,56,181,78,107,103,60,161,197
0,159,53,164,94,43,131,55
0,151,114,171,52,47,80,69,105,62,199
0,20,162,50,185,92,119,76,160,1
0,186,163,83,88,101,86,38,35
0,77,6,81,132,124,93,24
0,172,144,74,154,139,106,117,141,168
0,155,5,84,39,129,67
0,44,68,7,176,170,167,63
0,118,30,188,28,149,142,66,15,48
0,157,150,145,198,16,111,8,120
0,135,17,134,133,40,153,116,146,36
0,75,104,73,58,166,26,4,72
0,113,91,110,12,46,34,127,177,85
0,57,90,126,31,140,178,100
0,193,174,180,130,51,183,125,115
0,19,3,71,156,175,29,190
0,187,9,59,49,2,195,22
